191411
11924101
83167105
56117143
179178125
20794115
2047281
5716915
24150131
5084183
207137172
28176197
24712388
5323311
79216121
404181
7340146
97189106
19512190
316157
19279204
332242
1236644
17968146
218191203
150168
2381868
24680157
11297108
24121194
12041156
5644249
20398199
4817324
190821
2111885
140125
24971112
1358975
209140130
7918651
7961154
158195229
19017443
185110189
165138206
13229151
23170205
4330149
2274711
193214238
188154215
168217203
10156116
1076797
2151188
8118175
1059664
124118190
15765252
14829142
4615536
2153475
88435
20104167
4422742
2448263
24917542
22278174
7611090
23536105
1864246
109198130
1834989
25148137
90222117
61118111
234219194
26159155
94213114
263088
518422
262465
67166232
206180207
5887210
484448
19217941
152233115
451271
47103110
11203153
20196147
100216185
22524215
8113313
2422893
91271
148238121
10150127
3014833
24993203
33118212
8114110
40232144
14748229
11419123
20819315
1794396
6222984
180174190
1447759
117111151
243140254
16164210
105113183
139146241
198145201
12267208
174178238
241138240
53197145
24320357
1791363
1572124
5123763
1520955
20916168
22149205
24921078
136161175
193178205
23770233
8954231
20679126
24422979
876969
1119158
2422967
844834
251186244
225186216
22020970
57203220
5214770
3271110
42132212
11836114
237115245
25215121
11914870
2432375
227836
206249230
13861103
65201226
49254124
2228046
346120
272215
10324483
174157
21922855
192231126
132243176
34101155
17824779
22783154
22713093
2184164
1629844
5825241
2471545
24626214
235170122
162138183
8324190
4314140
17176226
3421754
176222235
134190216
327311
87238174
185226134
19043215
351286
190191127
13874159
136118138
81187238
52349
172171237
14793139
1724018
11013082
8240223
18314862
12516967
18371138
80125244
15811121
24118555
2321789
199208129
180198158
18170
792798
132705
176137114
95178124
6018436
20413620
141160207
75143121
17121227
9357169
18421545
6089238
247247186
1529569
161477
1514168
21414385
284996
24815039
502168
7616394
61371
274744
7311253
138181238
138144
98219170
10320385
164130160
21613696
24243
15459230
190150248
239152192
11121570
8220128
61184174
1641718
951959
15918762
141692
14422122
15412590
235164
191210171
10924890
237157156
150109129
11116170
31205122
23924370
81187252
189176144
81235106
113753
23317038
3810666
18722121
68238160
164119223
1686213
21124150
19618264
6540152
138916
30129129
1841562
14911662
1486835
15915211
13960112
218141212
1224276
185177226
3214211
18138197
4711790
132698
10020380
3515491
166939
8630156
21417049
1329871
27234117
181225205
1912373
20322028
2671238
13911030
3219549
65250149
18233214
1753146
6145122
335152
19511466
14210157
9924156
110132190
181212108
16022137
4189116
2191436
24119949
5064114
86179170
4480216
233188117
22186169
1671730
9140234
150239163
2274120
79659
1895026
7511357
149186241
15539242
114165128
1741878
33234192
214246177
179244144
138244224
13831103
14067239
235186141
761758
64104204
9449115
209173241
20712656
18215588
10168114
219211128
130241224
2266445
1542249
3822776
186186147
11724077
144186199
1949239
187248166
241124216
253251232
421250
154203223
14124915
63176121
251488
25022560
230216177
1981116
14312657
1781445
19315545
1157433
1161523
115112135
233100107
76157191
4511167
1889737
39164197
806250
108125139
1084786
3981167
3312259
18024249
21088202
21930127
1543131
173165213
100109149
21105210
14591176
154982
111180213
2871137
4201159
230188159
1212156
10581109
26156222
16164145
20110207
10788210
207181173
149179228
1282166
22820991
1442277
8437107
22734212
182228246
24216067
21084152
2540141
425592
2625103
25093232
12620560
211246
149108251
651173
21447167
67614
1775497
7515173
59198146
23916180
136231144
8654251
203735
78206115
5051118
24313521
13916245
24227141
124111206
11122023
2331126
3084121
23918194
171105136
14386248
186176134
13915981
6768244
30186101
3678239
113191202
47234234
47225203
11419698
10513219
8718650
239171233
2168160
1539612
252101198
17216012
6183152
6617430
242116243
229241136
18717549
105148218
11254198
188161135
1051323
25224761
1594462
221385
1555255
787765
213539
12382143
196217100
17045230
7125101
1211343
226111129
2237189
17422376
2416913
1635206
19872214
15033180
25020765
32168
91184176
129122227
13385222
1891524
124169110
249220225
2956172
230191151
254124227
11918215
118243203
188217215
14422106
28114186
143100172
23820599
1276564
200711
19210480
11212245
156179151
324852
102209112
57190229
51197139
2348496
24817831
10621150
156133174
1805209
167181
118214251
8046106
8694239
12113131
163161193
75252192
221589
1325626
28109129
18323297
2372087
166228141
21221719
41251132
1953426
16348135
1096923
17417988
9023510
130154211
497213
12518249
854213
183160234
249139
15427149
5416127
33209209
229254238
1405321
227211201
73117235
2123224
97134193
12722849
3711615
23342244
229379
25239166
201114180
162129139
178721
22721365
178107196
170207199
110242203
200143168
102121216
1778184
11910922
65150132
12418336
2081963
999082
50242165
5418322
252182162
21914328
23253191
95223107
13116657
64133228
2329255
70997
10292226
21819525
7112952
18441183
17342230
9282114
229131108
2288490
233136182
5637139
50225209
1989539
161155120
67122219
39165161
6713390
2917359
6224465
1888293
24549165
48227123
16116145
4592174
108178229
9634235
2537254
435117
5821671
15722107
208257
19323297
16118343
19420172
19217923
999765
59205109
105115167
21742146
8614253
1905631
195518
27138254
30129236
11520612
12611514
15621212
208121136
101128177
173117192
81316
22815873
123553
24169191
228180234
151190185
155163104
155162
21399238
10124123
215175146
249152178
48141108
134242149
3911768
223113144
10998101
13163107
252248110
8159166
32146154
2922274
20710988
16917786
4947193
88194
47136144
5110178
10350171
22132153
143176219
785848
182164101
501527
1668122
106218146
32174195
6569166
7014147
6821439
83183113
7193138
14125175
1618440
3619620
17755251
12710544
12578110
22136108
24984209
152229124
214103214
14081102
2018136
9715713
229120222
25270200
206187214
153242145
2190192
1298129
19424352
1329245
133240239
13310923
20034193
36171160
94173174
104122213
228149177
4310446
20786210
48193133
222246188
42618
2623767
2141849
27224215
1892001
239104213
87157
110212131
2414237
17624
2229115
159214132
22642
21725230
1528987
20235132
151130116
1539229
938121
15121123
90114147
632810
14752122
15917144
23644179
13943122
5110169
9481156
2403191
2163016
237247169
84120117
974140
21960230
12192209
3714486
3951188
11553235
15513966
2484026
10323580
23361194
1252085
24764181
12594124
59233198
185251204
15147150
4237145
194108150
2513136
133206102
14686204
14614071
18155217
104230181
143180109
9160154
91150226
259580
23114537
168094
244221177
82109148
158181124
636657
211236254
5221096
5162209
23873170
10254123
25058177
2371885
243238156
1059039
29958
105113122
143232218
12423924
1541725
7499145
93119212
747752
240104101
243152
2106569
2812850
68189123
172196106
1194133
143110234
75173144
1097981
23186238
19928139
93224241
14623321
234872
7110168
144224180
138252253
24912191
20544174
15317247
18598130
192141204
231222151
1964201
17477124
24521836
5111118
1362048
981009
15525012
118226166
20819169
19013060
1268592
9310175
58172202
11576244
15414269
254251223
1319219
4711592
618634
78711
8155184
11339111
125121127
85167154
149211116
16014231
5026247
1849339
863262
3532202
17253125
382147
170132136
161220112
23048114
85225197
185198105
887662
109181229
113155168
2048679
8040194
66248174
13145209
7734218
717522
40100209
209259
116228149
1814320
59221199
871598
210205113
24315113
187105103
2389202
180158122
2464163
206206134
126204196
3414146
57115249
219114116
31248141
18918440
1410880
138190187
11271143
191140216
111246228
467382
1963248
629168
55221105
174216204
437206
1120190
17611136
626236
835043
195112166
53199185
150253251
242142235
24863219
20144177
5042181
53138125
69887
19611171
6937222
191253191
4024342
20711829
2409013
203107197
319767
199149253
26189248
10112735
252267
140216253
139124171
39115178
103734
2593243
14932253
16970216
17687237
634247
4523084
8145202
22611853
23219644
129196187
1942246
15320915
36253166
1943461
15491138
878990
54208104
81191253
83234117
5015227
2277185
63175154
67170238
185121111
3335250
15441219
250128205
15875159
60222241
12547194
9020720
20198157
232185129
106252
41157213
61230139
1419773
8635250
24831184
1721071
19622549
23081166
497133
109219250
238214100
11089237
24068159
159138200
194224156
13912081
3351107
107638
232126188
11823825
10415188
14085165
333229
24212205
1764933
4221421
132908
96135170
1638192
141158245
969013
206200187
10525250
83164201
96183
67156163
16810720
2742210
931455
196042
11410623
10313658
14290193
13310643
22614125
72213
194173144
551237
2383567
1787318
5816024
102172111
40140209
24239192
112124146
7819188
817239
24033163
15395252
233182148
168651
714139
206215193
73196224
146171208
7515424
20791167
18777176
24613891
12369172
75221220
16115643
24789204
92159115
22951141
190140138
5177252
2175228
249914
24115217
250220198
74224161
20735133
25111136
15023318
172134174
352277
22116167
33113193
24316956
15424550
5343102
14155215
10556109
163229163
12824869
1999715
213236111
1665768
152160217
164129197
37236218
16421148
10220593
82240216
4145187
1418887
15365203
9826102
7315675
21722033
79183160
18512584
472242
164122223
180238132
21362128
2191273
63184193
18013145
17520392
183189140
11480138
22127195
45135196
14629110
37149210
14411914
17114448
12314107
19396193
66117144
218161136
5211426
1136196
14424839
124291
232101234
63559
3118234
18920970
13116617
15422845
19220100
7191248
111350
13547248
104150104
16111713
241254206
20113267
125194233
11950125
221288
18217203
18023210
15315134
129160102
25854
13110913
169205252
1308858
23251119
8227221
22021720
25157248
197207191
22724869
1544248
1493019
2001797
4819559
13695235
85188221
2158432
5224674
2081128
103207172
569180
614211
1864367
743778
20212314
215157126
1516453
1696241
133204241
117216113
23020584
213170167
100122146
134102220
161847
249238236
14517194
17813931
119254141
48194157
20942203
45196245
1657219
72175155
217216192
2514294
